226
230
228
228
228
228
229
225
229
229
225
226
225
225
228
228
227
228
227
228
227
226
226
226
227
225
227
227
225
226
226
227
227
228
226
225
227
229
234
245
255
263
271
277
283
292
302
313
324
334
345
358
376
387
398
408
420
433
448
459
471
485
496
509
527
543
559
573
587
599
613
628
643
663
676
690
704
719
733
747
761
773
786
807
818
836
855
870
890
908
927
945
960
979
994
1012
1030
1050
1067
1084
1102
1118
1140
1154
1174
1192
1208
1222
1234
1248
1260
1271
1282
1293
1298
1305
1308
1309
1315
1311
1315
1314
1314
1313
1313
1310
1306
1305
1303
1306
1299
1305
1300
3007
3007
3016
3008
3004
3008
3012
6869
6870
6869
3003
3015
6871
6726
3008
6871
6870
2995
6872
6872
3012
6868
2864
2998
6869
6870
6871
6713
2907
3012
3011
5270
3012
3007
6868
1320
1328
1326
1341
3012
3007
6868
3012
3006
3020
6871
2998
2994
3137
6869
3011
3015
2993
3006
3019
6868
6870
6867
6869
3002
6869
3007
3010
3132
3015
1326
1322
1320
1312
1314
1311
1314
1321
1324
1323
1319
1317
1330
3109
3318
3302
3138
3017
3137
3132
6869
6869
6868
6870
2966
3016
2949
3137
1337
1341
1331
1333
1333
1336
1337
1338
1337
1337
1342
1337
1330
1332
5218
3016
6584
6870
3011
3012
2999
6872
2995
6871
3012
3011
3137
3154
6869
3020
3133
6872
3138
6872
6872
1343
1347
1347
1348
1349
1350
1348
1347
1346
1344
1344
1340
1335
1330
1324
1316
1309
1299
1290
1279
1268
1256
1242
1227
1210
1191
1172
1148
1121
1094
1071
1045
1021
993
969
952
931
910
888
861
843
816
794
773
750
728
706
684
662
641
620
599
579
558
537
516
493
471
449
427
406
388
369
347
332
320
309
298
288
279
271
263
259
257
256
256
253
251
245
238
231
229
230
227
225
225
227
225
227
227
230
253
2835
2830
2892
2831
2840
2827
2827
2831
2834
2835
2831
2830
2835
2826
2830
2835
2826
2829
2830
2830
2834
2888
2888
2827
2825
2892
2835
2831
2831
2911
2886
2822
2827
2896
2835
2830
2886
311
2830
2826
2825
2827
2826
2826
2831
2827
2831
2827
2827
2828
2827
2831
2826
2875
2827
2831
2884
2830
403
373
2896
2827
2893
2830
2830
2831
2827
2827
2823
2828
2831
2826
2900
2835
2836
2827
2830
427
463
2835
2908
2828
2827
2828
2912
2896
2828
2913
2827
2835
2827
2911
2835
2827
2826
2826
2827
2827
362
2831
2835
2828
2832
2832
2819
2827
2827
2831
2827
2831
2827
2827
2828
2827
427
380
2828
2828
2828
2832
2827
2827
2827
2828
2828
2827
2832
2827
2827
2828
2832
2908
2827
2827
2827
2836
2828
2827
2828
2827
2827
2831
2827
2827
