169
170
170
170
170
169
169
169
169
169
168
168
168
168
168
168
168
168
168
167
167
167
167
168
168
168
168
168
168
169
169
169
169
170
170
170
169
169
169
169
169
169
170
170
169
169
169
169
169
170
170
170
170
171
171
171
171
171
171
172
172
172
172
172
172
172
172
172
172
172
172
171
171
171
171
171
171
172
172
172
171
172
173
173
173
173
173
174
174
174
175
176
176
176
176
177
179
179
180
180
181
181
182
183
183
184
184
184
184
185
187
187
187
187
187
188
188
188
189
189
189
189
190
190
192
191
191
191
191
192
192
193
193
194
195
196
197
197
198
198
198
200
200
201
201
203
204
205
205
206
207
207
208
209
210
212
215
215
215
215
216
218
218
219
220
222
224
225
225
225
225
227
228
229
231
232
232
234
236
237
238
240
242
243
245
246
248
250
252
253
254
258
258
261
263
265
268
268
270
272
274
279
280
282
282
283
284
285
288
290
292
292
292
294
296
296
297
299
301
302
303
309
309
309
311
315
317
317
319
319
322
326
329
329
331
338
338
341
342
345
347
348
351
353
355
357
360
360
364
366
368
371
373
377
381
382
384
384
385
387
391
396
396
399
401
403
406
409
413
414
418
419
422
423
426
429
429
431
432
436
440
442
443
446
448
451
456
456
460
460
460
466
466
470
471
473
477
481
481
485
490
493
494
500
505
506
510
512
515
517
519
522
527
530
532
536
536
542
542
546
551
562
562
563
567
567
573
573
578
581
583
589
593
593
594
597
605
602
608
611
615
617
620
623
629
633
633
633
637
643
643
643
647
651
658
659
667
667
662
669
676
678
678
678
680
682
685
689
690
695
696
703
702
709
711
712
714
715
721
725
725
728
737
733
740
741
746
746
747
747
749
756
756
759
761
766
768
772
772
777
775
780
780
781
784
787
789
787
795
795
799
800
802
808
812
814
813
819
825
826
827
838
838
841
844
851
852
854
854
863
865
874
876
877
883
884
888
890
894
903
902
899
908
914
914
919
921
925
929
937
940
944
944
944
957
956
962
962
966
970
975
983
988
991
991
995
998
1002
1007
1011
1013
1017
1022
1024
1027
1029
1038
1039
1045
1047
1051
1058
1059
1062
1065
1068
1075
1076
1082
1083
1088
1094
1098
1101
1105
1108
1114
1114
1117
1118
1124
1129
1132
1134
1140
1140
1149
1155
1157
1161
1167
1178
1180
1185
1189
1192
1204
1208
1214
1217
1222
1234
1240
1247
1247
1253
1262
1267
1276
1276
1280
1288
1292
1296
1297
1305
1311
1313
1317
1325
1330
1332
1337
1338
1343
1347
1349
1354
1356
1359
1365
1367
1373
1376
1376
1374
1384
1384
1392
1393
1394
1396
1399
1398
1400
1400
1405
1403
1403
1408
1412
1405
1411
1412
1411
1409
1411
1408
1415
1415
1413
1414
1414
1415
1416
1417
1419
1422
1425
1422
1426
1430
1430
1432
1436
1435
1439
1435
1437
1438
1437
1438
1438
1441
1443
1442
1442
1443
1445
1448
1448
1455
1455
1458
1457
1461
1462
1464
1460
1466
1469
1467
1469
1469
1469
1471
1473
1471
1472
1475
1471
1473
1475
1475
1475
1477
1477
1479
1479
1474
1480
1481
1480
1480
1478
1477
1479
1479
1481
1482
1485
1483
1481
1484
1484
1485
1490
1490
1490
1496
1496
1492
1499
1501
1501
1502
1509
1509
1506
1515
1515
1515
1518
1518
1517
1519
1527
1527
1529
1531
1531
1534
1534
1535
1535
1535
1535
1535
1535
1535
1535
1534
1533
1533
1533
1532
1531
1530
1528
1526
1526
1521
1520
1520
1516
1514
1510
1508
1504
1502
1497
1490
1487
1483
1477
1473
1462
1462
1459
1452
1448
1437
1434
1428
1426
1421
1416
1414
1412
1408
1407
1402
1400
1398
1395
1394
1390
1389
1388
1385
1384
1382
1382
1382
1381
1380
1380
1380
1381
1381
1381
1382
1383
1383
1385
1385
1386
1387
1388
1387
1387
1388
1388
1388
1389
1390
1390
1390
1391
1391
1392
1392
1393
1394
1394
1394
1395
1395
1396
1396
1399
1399
1399
1399
1400
1401
1402
1402
1403
1403
1403
1403
1404
1404
1405
1406
1406
1406
1408
1408
1409
1409
1410
1411
1412
1413
1416
1416
1416
1417
1418
1419
1421
1421
1422
1422
1426
1428
1430
1434
1436
1441
1443
1446
1449
1451
1457
1460
1463
1464
1470
1471
1473
1478
1480
1483
1490
1493
1497
1499
1500
1507
1510
1512
1516
1518
1523
1525
1527
1530
1532
1536
1538
1540
1540
1542
1545
1545
1547
1547
1548
1548
1549
1551
1553
1553
1554
1554
1555
1555
1557
1558
1559
1560
1561
1561
1560
1561
1562
1562
1562
1563
1564
1563
1563
1564
1565
1564
1564
1564
1566
1566
1566
1566
1567
1566
1567
1567
1567
1567
1566
1566
1567
1567
1566
1565
1565
1565
1564
1565
1565
1564
1564
1564
1564
1564
1564
1564
1564
1564
1562
1564
1565
1565
1565
1565
1564
1564
1565
1565
1565
1564
1564
1564
1565
1565
1565
1564
1564
1564
1564
1564
1565
1565
1565
1563
1563
1563
1562
1562
1562
1562
1562
1561
1561
1561
1559
1559
1558
1558
1558
1557
1555
1555
1555
1554
1553
1552
1552
1551
1549
1549
1549
1548
1548
1548
1545
1545
1545
1543
1544
1544
1543
1542
1542
1541
1543
1543
1543
1542
1542
1542
1542
1542
1542
1542
1541
1542
1541
1540
1541
1541
1541
1541
1541
1541
1538
1539
1537
1536
1535
1531
1530
1530
1530
1530
1530
1530
1530
1531
1532
1535
1535
1535
1535
1538
1537
1538
1537
1537
1536
1537
1537
1536
1537
1537
1538
1538
1538
1538
1538
1539
1539
1539
1539
1539
1540
1540
1540
1540
1540
1540
1540
1540
1541
1541
1541
1542
1542
1543
1542
1543
1543
1544
1544
1544
1544
1545
1545
1545
1546
1546
1546
1545
1545
1545
1546
1546
1546
1546
1545
1544
1543
1542
1541
1542
1542
1542
1541
1541
1540
1539
1539
1538
1538
1538
1536
1536
1534
1533
1534
1534
1533
1533
1534
1534
1533
1533
1534
1534
1532
1533
1533
1533
1533
1532
1533
1533
1533
1533
1532
1532
1533
1533
1533
1533
1531
1530
1528
1528
1528
1529
1529
1528
1528
1528
1527
1527
1526
1526
1526
1527
1527
1527
1527
1526
1526
1527
1527
1527
1528
1527
1527
1528
1528
1528
1529
1529
1529
1529
1529
1528
1528
1527
1527
1527
1527
1525
1525
1525
1525
1526
1524
1522
1522
1521
1521
1521
1516
1516
1517
1517
1519
1519
1519
1519
1521
1522
1522
1522
1523
1524
1524
1525
1526
1527
1528
1528
1530
1530
1530
1532
1533
1535
1534
1536
1536
1536
1537
1537
1540
1540
1541
1541
1541
1541
1542
1543
1544
1545
1545
1545
1545
1546
1546
1546
1547
1546
1549
1549
1550
1550
1550
1551
1551
1550
1552
1552
1552
1550
1551
1551
1551
1552
1552
1552
1551
1551
1551
1550
1551
1551
1550
1549
1549
1549
1551
1551
1551
1551
1550
1552
1551
1551
1551
1551
1552
1551
1551
1551
1551
1550
1550
1550
1550
1550
1549
1549
1547
1550
1549
1549
1549
1548
1548
1548
1548
1548
1547
1547
1545
1544
1543
1543
1541
1541
1535
1535
1532
1530
1525
1515
1511
1504
1499
1495
1492
1492
1490
1490
1488
1486
1486
1485
1487
1488
1489
1490
1490
1491
1493
1492
1492
1492
1492
1492
1492
1492
1490
1490
1490
1491
1491
1489
1490
1490
1492
1492
1494
1493
1493
1494
1496
1495
1495
1495
1496
1496
1496
1496
1496
1497
1497
1496
1495
1496
1496
1496
1494
1495
1495
1494
1494
1494
1492
1492
1492
1492
1489
1489
1489
1485
1485
1485
1485
1484
1481
1481
1480
1480
1476
1475
1474
1472
1470
1468
1465
1464
1464
1462
1459
1457
1454
1452
1451
1448
1445
1443
1441
1439
1437
1431
1428
1428
1424
1421
1419
1416
1411
1408
1405
1400
1395
1392
1387
1384
1381
1374
1370
1365
1359
1350
1345
1339
1332
1325
1313
1306
1300
1294
1287
1274
1267
1258
1251
1244
1229
1223
1216
1208
1201
1187
1180
1172
1166
1158
1152
1146
1139
1132
1126
1115
1110
1104
1099
1095
1085
1080
1076
1071
1067
1056
1052
1048
1051
1047
1035
1031
1025
1021
1016
1012
1008
1001
997
995
986
980
973
971
967
963
959
955
949
945
941
937
933
929
924
919
915
910
907
900
897
892
890
885
879
871
871
867
860
857
848
843
843
839
834
824
820
814
810
804
799
796
790
786
785
781
777
773
768
762
759
753
749
748
743
733
733
729
725
719
711
711
707
702
697
688
684
679
678
674
669
664
660
656
651
646
643
641
635
631
627
623
619
614
611
602
602
597
593
589
584
584
579
574
570
561
557
552
548
546
548
545
541
535
529
521
520
516
510
504
498
496
493
486
481
480
473
470
461
459
452
452
447
444
439
432
428
428
425
422
412
408
405
402
399
397
389
386
385
384
381
377
371
370
368
363
361
357
357
352
348
348
346
342
341
336
336
333
331
328
325
323
321
321
319
316
315
313
310
309
308
305
303
301
299
297
295
294
292
290
289
289
288
288
287
285
285
283
283
283
283
282
282
282
282
281
282
282
282
282
282
281
281
280
281
280
279
279
278
278
277
277
276
276
275
273
273
273
271
270
268
266
266
265
264
261
259
258
257
256
255
253
252
251
250
248
246
246
244
243
242
240
240
240
239
236
236
235
233
233
232
232
230
230
230
228
228
226
226
226
225
224
225
225
226
227
227
228
230
233
235
236
240
242
246
701
701
2302
2811
2955
3012
3015
3018
3019
3018
3018
3018
3016
3015
3016
3022
3016
3018
3016
3015
3015
3016
3018
3014
3011
3012
3010
3014
3014
3013
3018
3019
3012
3015
3014
3014
3017
3016
3014
3015
3016
3016
3016
3012
3015
3015
3014
3019
3018
3019
3017
3020
3020
3013
3014
3017
3016
3016
3018
3016
3011
3015
3018
3014
3017
3013
3013
3015
3016
3013
3015
3011
3012
3016
3017
3016
3016
3016
3010
3012
3012
3014
3014
3014
3013
3015
3015
3015
3017
3016
3012
3012
3012
3017
3014
3011
3017
3014
3014
3019
3016
3015
3015
3012
3012
3018
3017
3016
3014
3010
3012
3013
3013
3013
3014
3014
3014
3013
3013
3013
3015
3015
3012
3012
3012
3010
3017
3015
3012
3015
3017
3014
3016
3014
3012
3016
3017
3013
3014
3019
3015
3015
3015
3016
3015
3016
3014
3016
3017
3016
3015
3019
3017
3012
3013
3016
3016
3015
3017
3016
3016
3016
3013
3016
3016
3013
3014
3017
3017
3019
3015
3012
3014
3014
3012
3014
3014
3017
3017
3013
3014
3014
3015
3015
3012
3016
3013
3015
3016
3014
3016
3016
3016
2991
1321
329
332
558
2809
3009
3016
3013
3013
3013
3009
3007
3015
3011
3012
3013
3013
3015
3013
3015
3016
3014
3011
3015
3012
3011
3013
3014
3014
3014
3016
3016
3014
3016
3018
3017
3016
3015
3014
3018
3012
3010
3013
3011
3015
3015
3015
3015
3016
3012
3012
3012
3015
3010
3012
3016
3015
3013
3015
3011
3016
3016
3016
3018
3017
3016
3012
3017
3012
3011
3011
3015
3012
3012
3012
3013
3015
3015
3011
3011
3014
3015
3013
3013
3013
3014
3014
3014
3017
3015
3018
3016
3016
3014
3012
3010
3013
3015
3013
3013
3013
3012
3013
3011
3012
3010
3016
3016
3012
2314
472
377
380
1083
2906
3009
3015
3015
3015
3015
3015
3015
3015
3015
3015
3015
3015
3016
3015
3015
3015
3015
3015
3014
3014
3014
3014
3014
3015
3015
3015
3016
3015
3015
3015
3015
3015
3015
3015
3015
3015
3015
3016
3016
3015
3015
3016
3015
3015
3015
3016
3016
3016
3016
3016
3016
3016
3016
3016
3016
3016
3016
3015
3015
3015
3015
3015
3015
3015
3016
3016
3017
3017
3017
3016
3016
3017
3016
3016
3016
3016
3017
3017
3016
3016
3016
3015
3015
3016
3016
3016
2980
1454
492
442
442
2544
2988
2988
3016
3013
3016
3014
3014
3012
3014
3014
3011
3011
3011
3014
3013
3010
3011
3011
3013
3013
3014
3014
3012
3012
3012
3012
3014
3009
3009
3013
3013
3015
3014
3014
3009
3009
3013
3013
3012
3015
3012
3012
3015
3015
3010
3014
3012
3010
3013
3010
3011
3012
3014
3014
3012
3012
3014
3014
3014
3014
3010
3013
3013
3010
3011
3011
3016
3014
3016
3011
3011
3013
3011
3012
3019
3014
3014
3009
3009
3014
3014
3012
3015
3012
3013
3010
3010
3013
3015
3014
3011
3010
3011
3011
3011
3008
3009
3011
3009
453
374
375
793
2849
3013
3013
3014
3015
3015
3015
3015
3015
3015
3016
3016
3016
3016
3016
3016
3015
3016
3016
3016
3016
3016
3016
3017
3017
3017
3016
3016
3017
3017
3017
3016
3016
3016
3016
3016
3015
3015
3015
3016
3016
3016
3016
3015
3016
3016
3015
3015
3016
3016
3016
3017
3016
3016
3016
3016
3016
3016
3016
3016
3016
3016
3016
3016
3016
3016
3016
3016
3016
3016
3016
3016
3016
3016
3016
3016
3016
3017
3017
3011
2501
405
399
402
1344
2922
3012
3018
3013
3012
3009
3014
3013
3016
3016
3015
3013
3014
3012
3012
3011
3011
3008
3015
3009
3009
3013
3012
3012
3014
3013
3013
3014
3010
3011
3009
3013
3011
3013
3011
3014
3012
3011
3010
3010
3011
3012
3015
3015
3011
3011
3011
3014
3014
3015
3014
3013
3012
3014
3011
3011
3011
3013
3013
3016
3012
3012
3015
3015
3011
3018
3013
3013
3013
3013
3014
3014
3013
3013
3016
3013
3014
3013
3009
3012
3010
3013
3014
3011
3013
3012
3015
3013
3012
3014
3009
3013
3013
3012
3015
3015
3010
3016
3011
3013
3012
3012
3013
3015
3013
3015
3013
3015
3011
3011
3011
3016
3013
3013
3012
3014
3009
3011
3015
3013
3016
3010
3010
3012
3009
3018
3014
3011
3013
3013
3015
3008
3008
3011
3007
3008
3012
3014
3013
3010
3013
3010
3010
